0 32767
1305 32767
2588 32767
3826 32767
4999 32767
6087 32767
7071 32767
7933 32767
8660 32767
9238 32767
9659 32767
9914 32767
9999 32767
9914 32767
9659 32767
9238 9237
8660 8659
7933 7932
7071 7070
6087 6086
5000 4999
3826 3825
2588 2587
1305 1304
0 0
-1305 -1305
-2588 -2588
-3826 -3826
-4999 -4999
-6087 -6087
-7071 -7071
-7933 -7933
-8660 -8660
-9238 -9238
-9659 -9659
-9914 -9914
-9999 -9999
-9914 -9914
-9659 -9659
-9238 -9238
-8660 -8660
-7933 -7933
-7071 -7071
-6087 -6087
-5000 -5000
-3826 -3826
-2588 -2588
-1305 -1305
0 0
1305 1304
2588 2587
3826 3825
4999 4998
6087 6086
7071 7070
7933 7932
8660 8659
9238 9237
9659 9658
9914 9913
9999 9998
9914 9913
9659 9658
9238 9237
8660 8659
7933 7932
7071 7070
6087 6086
5000 4999
3826 3825
2588 2587
1305 1304
0 0
-1305 -1305
-2588 -2588
-3826 -3826
-4999 -4999
-6087 -6087
-7071 -7071
-7933 -7933
-8660 -8660
-9238 -9238
-9659 -9659
-9914 -9914
-9999 -9999
-9914 -9914
-9659 -9659
-9238 -9238
-8660 -8660
-7933 -7933
-7071 -7071
-6087 -6087
-5000 -5000
-3826 -3826
-2588 -2588
-1305 -1305
0 0
1305 1304
2588 2587
3826 3825
4999 4998
6087 6086
7070 7069
7933 7932
8660 8659
9238 9237
9659 9658
9914 9913
9999 9998
9914 9913
9659 9658
9238 9237
8660 8659
7933 7932
7071 7070
6087 6086
5000 4999
3826 3825
2588 2587
1305 1304
0 0
-1305 -1305
-2588 -2588
-3826 -3826
-4999 -4999
-6087 -6087
-7070 -7070
-7933 -7933
-8660 -8660
-9238 -9238
-9659 -9659
-9914 -9914
-9999 -9999
-9914 -9914
-9659 -9659
-9238 -9238
-8660 -8660
-7933 -7933
-7071 -7071
-6087 -6087
-5000 -5000
-3826 -3826
-2588 -2588
-1305 -1305
0 0
1305 1304
2588 2587
3826 3825
4999 4998
6087 6086
7070 7069
7933 7932
8660 8659
9238 9237
9659 9658
9914 9913
9999 9998
9914 9913
9659 9658
9238 9237
8660 8659
7933 7932
7071 7070
6087 6086
5000 4999
3827 3826
2588 2587
1305 1304
0 0
-1305 -1305
-2588 -2588
-3826 -3826
-4999 -4999
-6087 -6087
-7070 -7070
-7933 -7933
-8660 -8660
-9238 -9238
-9659 -9659
-9914 -9914
-9999 -9999
-9914 -9914
-9659 -9659
-9238 -9238
-8660 -8660
-7933 -7933
-7071 -7071
-6087 -6087
-5000 -5000
-3827 -3827
-2588 -2588
-1305 -1305
0 0
1305 1304
2587 2586
3826 3825
4999 4998
6087 6086
7070 7069
7933 7932
8660 8659
9238 9237
9659 9658
9914 9913
9999 9998
9914 9913
9659 9658
9238 9237
8660 8659
7933 7932
7071 7070
6087 6086
5000 4999
3827 3826
2588 2587
1305 1304
0 0
-1305 -1305
-2587 -2587
-3826 -3826
-4999 -4999
-6087 -6087
-7070 -7070
-7933 -7933
-8660 -8660
-9238 -9238
-9659 -9659
-9914 -9914
-9999 -9999
-9914 -9914
-9659 -9659
-9238 -9238
-8660 -8660
-7933 -7933
-7071 -7071
-6087 -6087
-5000 -5000
-3827 -3827
-2588 -2588
-1305 -1305
0 0
1304 1303
2587 2586
3826 3825
4999 4998
6087 6086
7070 7069
7933 7932
8660 8659
9238 9237
9659 9658
9914 9913
9999 9998
9914 9913
9659 9658
9238 9237
8660 8659
7933 7932
7071 7070
6087 6086
5000 4999
3827 3826
2588 2587
1305 1304
0 0
-1304 -1304
-2587 -2587
-3826 -3826
-4999 -4999
-6087 -6087
-7070 -7070
-7933 -7933
-8660 -8660
-9238 -9238
-9659 -9659
-9914 -9914
-9999 -9999
-9914 -9914
-9659 -9659
-9238 -9238
-8660 -8660
-7933 -7933
-7071 -7071
-6087 -6087
-5000 -5000
-3827 -3827
-2588 -2588
-1305 -1305
0 0
1304 1303
2587 2586
3826 3825
4999 4998
6087 6086
7070 7069
7933 7932
8660 8659
9238 9237
9659 9658
9914 9913
9999 9998
9914 -9914
9659 -9659
9238 -9238
8660 -8660
7933 -7933
7071 -7071
6087 -6087
5000 -5000
3827 -3827
2588 -2588
1305 -1305
0 0
-1304 1303
-2587 2586
-3826 3825
-4999 4998
-6087 6086
-7070 7069
-7933 7932
-8660 8659
-9238 9237
-9659 9658
-9914 9913
-9999 9998
-9914 9913
-9659 9658
-9238 9237
-8660 8659
-7933 7932
-7071 7070
-6087 6086
-5000 4999
-3827 3826
-2588 2587
-1305 1304
0 0
1304 -1304
2587 -2587
3826 -3826
4999 -4999
6087 -6087
7070 -7070
7933 -7933
8660 -8660
9238 -9238
9659 -9659
9914 -9914
9999 -9999
9914 -9914
9659 -9659
9238 -9238
8660 -8660
7933 -7933
7071 -7071
6087 -6087
5000 -5000
3827 -3827
2588 -2588
1305 -1305
0 0
-1304 1303
-2587 2586
-3826 3825
-4999 4998
-6087 6086
-7070 7069
-7933 7932
-8660 8659
-9238 9237
-9659 9658
-9914 9913
-9999 9998
-9914 9913
-9659 9658
-9238 9237
-8660 8659
-7933 7932
-7071 7070
-6087 6086
-5000 4999
-3827 3826
-2588 2587
-1305 1304
0 0
1304 -1304
2587 -2587
3826 -3826
4999 -4999
6087 -6087
7070 -7070
7933 -7933
8660 -8660
9238 -9238
9659 -9659
9914 -9914
9999 -9999
9914 -9914
9659 -9659
9238 -9238
8660 -8660
7933 -7933
7071 -7071
6087 -6087
5000 -5000
3827 -3827
2588 -2588
1305 -1305
0 0
-1304 1303
-2587 2586
-3826 3825
-4999 4998
-6087 6086
-7070 7069
-7933 7932
-8660 8659
-9238 9237
-9659 9658
-9914 9913
-9999 9998
-9914 9913
-9659 9658
-9238 9237
-8660 8659
-7933 7932
-7071 7070
-6087 6086
-5000 4999
-3827 3826
-2588 2587
-1305 1304
0 0
1304 -1304
2587 -2587
3826 -3826
4999 -4999
6087 -6087
7070 -7070
7933 -7933
8660 -8660
9238 -9238
9659 -9659
9914 -9914
9999 -9999
9914 -9914
9659 -9659
9238 -9238
8660 -8660
7933 -7933
7071 -7071
6088 -6088
5000 -5000
3827 -3827
2588 -2588
1305 -1305
0 0
-1304 1303
-2587 2586
-3826 3825
-4999 4998
-6087 6086
-7070 7069
-7933 7932
-8659 8658
-9238 9237
-9659 9658
-9914 9913
-9999 9998
-9914 9913
-9659 9658
-9238 9237
-8660 8659
-7933 7932
-7071 7070
-6088 6087
-5000 4999
-3827 3826
-2588 2587
-1305 1304
0 0
1304 -1304
2587 -2587
3826 -3826
4999 -4999
6087 -6087
7070 -7070
7933 -7933
8659 -8659
9238 -9238
9659 -9659
9914 -9914
9999 -9999
9914 -9914
9659 -9659
9239 -9239
8660 -8660
7933 -7933
7071 -7071
6088 -6088
5000 -5000
3827 -3827
2588 -2588
1305 -1305
0 0
-1304 1303
-2587 2586
-3826 3825
-4999 4998
-6087 6086
-7070 7069
-7933 7932
-8659 8658
-9238 9237
-9659 9658
-9914 9913
-9999 9998
-9914 9913
-9659 9658
-9239 9238
-8660 8659
-7933 7932
-7071 7070
-6088 6087
-5000 4999
-3827 3826
-2588 2587
-1305 1304
0 0
1304 -1304
2587 -2587
3826 -3826
4999 -4999
6087 -6087
7070 -7070
7933 -7933
8659 -8659
9238 -9238
9659 -9659
9914 -9914
9999 -9999
9914 -9914
9659 -9659
9239 -9239
8660 -8660
7933 -7933
7071 -7071
6088 -6088
5000 -5000
3827 -3827
2588 -2588
1305 -1305
0 0
-1304 1303
-2587 2586
-3826 3825
-4999 4998
-6087 6086
-7070 7069
-7933 7932
-8659 8658
-9238 9237
-9659 9658
-9914 9913
-9999 9998
-9914 9913
-9659 9658
-9239 9238
-8660 8659
-7933 7932
-7071 7070
-6088 6087
-5000 4999
-3827 3826
-2588 2587
-1305 1304
0 0
1304 -1304
2587 -2587
3826 -3826
4999 -4999
6087 -6087
7070 -7070
7933 -7933
8659 -8659
9238 -9238
9659 -9659
9914 -9914
9999 -9999
9914 -9914
9659 -9659
9239 -9239
8660 -8660
7933 -7933
7071 -7071
6088 -6088
5000 -5000
3827 -3827
2588 -2588
1305 -1305
