0 0
1046 -64
2088 -256
3121 -701
4141 -250
5143 -53
6122 16
7076 22
7999 28
8889 33
9740 38
10549 43
11313 49
12029 53
12693 57
13303 61
13856 66
14349 69
14782 72
15150 76
15454 78
15692 81
15863 82
15965 84
15999 85
15965 87
15863 87
15692 87
15454 87
15150 87
14782 85
14349 84
13856 82
13303 81
12693 78
12029 76
11313 72
10549 69
9740 66
8889 61
8000 57
7076 53
6122 48
5143 44
4141 38
3121 32
2088 28
1046 22
0 16
-1046 11
-2088 5
-3121 0
-4141 -6
-5142 -12
-6122 -18
-7076 -24
-7999 -28
-8889 -34
-9740 -39
-10549 -44
-11313 -50
-12029 -54
-12693 -58
-13303 -62
-13856 -67
-14349 -70
-14782 -73
-15150 -77
-15454 -79
-15692 -82
-15863 -83
-15965 -85
-15999 -86
-15965 -88
-15863 -88
-15692 -88
-15454 -88
-15150 -88
-14782 -86
-14349 -85
-13856 -83
-13303 -82
-12693 -79
-12029 -77
-11313 -73
-10549 -70
-9740 -67
-8889 -62
-8000 -58
-7076 -54
-6123 -49
-5143 -45
-4141 -39
-3121 -34
-2088 -29
-1046 -23
0 -17
1046 -12
2088 -6
3121 0
4141 5
5142 11
6122 17
7076 23
7999 27
8889 33
9740 38
10549 43
11313 49
12029 53
12693 57
13303 61
13856 66
14349 69
14782 72
15150 76
15454 78
15692 81
15863 82
15965 84
15999 85
15965 87
15863 87
15692 87
15454 87
15150 87
14782 85
14350 84
13856 82
13303 81
12693 79
12029 75
11313 72
10549 69
9740 66
8889 61
8000 57
7076 53
6123 48
5143 44
4141 38
3121 33
2088 28
1046 22
0 16
-1046 11
-2088 5
-3121 0
-4140 -6
-5142 -12
-6122 -18
-7076 -23
-7999 -29
-8889 -34
-9740 -39
-10549 -44
-11313 -50
-12029 -54
-12693 -58
-13303 -62
-13856 -67
-14349 -70
-14782 -73
-15150 -77
-15454 -79
-15692 -82
-15863 -83
-15965 -85
-15999 -86
-15965 -88
-15863 -88
-15692 -88
-15454 -88
-15150 -88
-14782 -86
-14350 -85
-13856 -83
-13303 -82
-12693 -80
-12029 -76
-11313 -73
-10549 -70
-9740 -67
-8889 -62
-8000 -58
-7076 -54
-6123 -49
-5143 -45
-4141 -39
-3121 -34
-2088 -29
-1046 -23
0 -17
1046 -12
2088 -6
3121 0
4140 5
5142 11
6122 17
7076 22
