0 0
15999 -977
0 -1954
-15999 -2930
0 15624
15999 -977
0 -17578
-15999 0
0 17577
15999 0
0 -17578
-15999 0
0 17577
15999 0
0 -17578
-15999 0
0 17577
15999 0
0 -17578
-15999 0
0 17577
15999 0
0 -17578
-15999 0
0 17577
15999 0
0 -17578
-15999 0
0 17577
15999 0
0 -17578
-15999 0
0 17577
15999 0
0 -17578
-15999 0
0 17577
15999 0
0 -17578
-15999 0
0 17577
15999 0
0 -17578
-15999 0
0 17577
15999 0
0 -17578
-15999 0
-1 17577
15999 0
1 -17577
-15999 -1
-1 17577
15999 1
1 -17578
-15999 -2
-1 17577
15999 1
1 -17578
-15999 -2
-1 17577
15999 1
1 -17578
-15999 -2
-1 17577
15999 1
1 -17578
-15999 -2
-1 17577
15999 1
1 -17578
-15999 -2
-1 17577
15999 1
1 -17578
-15999 -2
-1 17577
15999 1
1 -17578
-15999 -2
-1 17577
15999 1
1 -17578
-15999 -2
-1 17577
15999 1
1 -17578
-15999 -2
-1 17577
15999 1
1 -17578
-15999 -2
-1 17577
15999 1
1 -17578
-15999 -2
-2 17577
15999 1
2 -17577
-15999 -3
-2 17577
15999 2
2 -17578
-15999 -3
-2 17577
15999 2
2 -17578
-15999 -3
-2 17577
15999 2
2 -17578
-15999 -3
-2 17577
15999 2
2 -17578
-15999 -3
-2 17577
15999 2
2 -17578
-15999 -3
-2 17577
15999 2
2 -17578
-15999 -3
-2 17577
15999 2
2 -17578
-15999 -3
-2 17577
15999 2
2 -17578
-15999 -3
-2 17577
15999 2
2 -17578
-15999 -3
-2 17577
15999 2
2 -17578
-15999 -3
-2 17577
15999 2
3 -17578
-15999 -3
-3 17576
15999 3
3 -17578
-15999 -4
-3 17577
15999 3
3 -17578
-15999 -4
-3 17577
15999 3
3 -17578
-15999 -4
-3 17577
15999 3
3 -17578
-15999 -4
-3 17577
15999 3
3 -17578
-15999 -4
-3 17577
15999 3
3 -17578
-15999 -4
-3 17577
15999 3
3 -17578
-15999 -4
-3 17577
15999 3
3 -17578
-15999 -4
-3 17577
15999 3
3 -17578
-15999 -4
-3 17577
15999 3
3 -17578
-15999 -4
-3 17577
15999 3
3 -17578
-15999 -4
-3 17577
15999 3
4 -17578
-15999 -4
-4 17576
15999 4
4 -17578
-15999 -5
-4 17577
15999 4
4 -17578
-15999 -5
